1,1,122.3,335.1,133.3,56.89999999999998,1,1,1.0
1,2,734.6,267.0,70.0,37.69999999999999,1,1,1.0
1,3,209.0,251.3,92.89999999999998,39.099999999999966,1,1,1.0
2,1,99.04,337.4,134.86,60.400000000000034,1,1,1.0
2,2,721.82,268.6,68.88,37.69999999999999,1,1,1.0
2,3,208.98,251.32,92.95000000000002,39.129999999999995,1,1,1.0
3,1,74.0,342.1,139.8,59.799999999999955,1,1,1.0
3,2,706.3,270.4,73.70000000000005,37.700000000000045,1,1,1.0
3,3,208.95,251.34,93.00999999999999,39.16999999999999,1,1,1.0
4,1,47.4,345.3,143.4,60.69999999999999,1,1,1.0
4,2,693.18,271.6,75.72000000000003,38.799999999999955,1,1,1.0
4,3,208.93,251.36,93.07,39.19999999999999,1,1,1.0
5,1,22.8,347.9,145.79999999999998,62.400000000000034,1,1,1.0
5,2,678.7,272.9,75.59999999999991,39.900000000000034,1,1,1.0
5,3,208.91,251.38,93.11999999999998,39.23000000000002,1,1,1.0
6,1,0.45,352.6,145.65,63.599999999999966,1,1,1.0
6,2,664.3,273.8,77.40000000000009,42.099999999999966,1,1,1.0
6,3,208.89,251.41,93.17000000000002,39.26000000000002,1,1,1.0
7,1,0.0,355.2,123.4,65.69999999999999,1,1,1.0
7,2,650.2,277.1,78.5,41.299999999999955,1,1,1.0
7,3,208.86,251.43,93.22999999999996,39.29000000000002,1,1,1.0
8,1,0.0,359.3,102.0,67.39999999999998,1,1,1.0
8,2,635.6,278.5,79.5,42.0,1,1,1.0
8,3,208.84,251.45,93.28999999999999,39.329999999999984,1,1,1.0
9,1,0.0,364.8,79.0,53.80000000000001,1,1,1.0
9,2,620.6,280.3,83.0,42.89999999999998,1,1,1.0
9,3,208.82,251.47,93.34000000000003,39.359999999999985,1,1,1.0
10,1,0.0,369.4,51.0,55.0,1,1,1.0
10,2,604.8,283.3,82.70000000000005,42.89999999999998,1,1,1.0
10,3,208.79,251.49,93.4,39.389999999999986,1,1,1.0
11,1,0.0,379.4,26.8,47.900000000000034,1,1,1.0
11,2,590.7,285.0,84.29999999999995,42.80000000000001,1,1,1.0
11,3,208.77,251.51,93.45000000000002,39.43000000000001,1,1,1.0
12,2,575.5,286.9,84.5,44.200000000000045,1,1,1.0
12,3,208.75,251.53,93.5,39.46000000000001,1,1,1.0
13,2,559.42,288.8,87.28000000000009,40.30000000000001,1,1,1.0
13,3,208.73,251.55,93.56000000000003,39.49000000000001,1,1,1.0
14,2,543.91,291.0,87.29000000000008,42.25999999999999,1,1,1.0
14,3,208.7,251.57,93.62,39.53000000000003,1,1,1.0
15,2,527.71,293.4,87.49000000000001,43.57000000000005,1,1,1.0
15,3,208.68,251.59,93.67000000000002,39.559999999999974,1,1,1.0
16,2,508.28,295.7,93.12,45.400000000000034,1,1,1.0
16,3,208.66,251.62,93.72,39.589999999999975,1,1,1.0
17,2,493.58,298.0,93.13000000000005,48.420000000000016,1,1,1.0
17,3,208.64,251.64,93.78000000000003,39.620000000000005,1,1,1.0
18,2,473.91,299.7,96.38999999999993,49.60000000000002,1,1,1.0
18,3,208.61,251.66,93.83999999999997,39.650000000000006,1,1,1.0
19,2,457.6,301.82,96.89999999999998,50.94999999999999,1,1,1.0
19,3,208.59,251.68,93.89000000000001,39.69,1,1,1.0
20,2,440.71,303.0,96.90000000000003,53.5,1,1,1.0
20,3,208.57,251.7,93.94,39.72000000000003,1,1,1.0
21,2,423.98,307.2,100.91999999999996,52.400000000000034,1,1,1.0
21,3,208.54,251.72,94.01000000000002,39.75000000000003,1,1,1.0
22,2,405.85,309.8,102.34999999999997,54.099999999999966,1,1,1.0
22,3,208.52,251.74,94.05999999999997,39.789999999999964,1,1,1.0
23,2,386.8,312.7,104.69999999999999,55.5,1,1,1.0
23,3,208.5,251.76,94.11000000000001,39.81999999999999,1,1,1.0
24,2,368.1,316.73,105.12,55.5,1,1,1.0
24,3,208.48,251.78,94.16,39.849999999999994,1,1,1.0
25,2,348.74,320.4,108.86000000000001,56.30000000000001,1,1,1.0
25,3,208.45,251.81,94.22000000000003,39.879999999999995,1,1,1.0
26,2,328.8,321.6,110.80000000000001,59.299999999999955,1,1,1.0
26,3,208.43,251.83,94.27999999999997,39.91,1,1,1.0
27,2,309.44,326.2,112.45999999999998,58.900000000000034,1,1,1.0
27,3,208.41,251.85,94.33000000000001,39.95000000000002,1,1,1.0
28,2,287.91,328.8,114.88999999999999,60.599999999999966,1,1,1.0
28,3,208.38,251.87,94.38999999999999,39.98000000000002,1,1,1.0
29,2,265.9,333.9,118.80000000000001,59.10000000000002,1,1,1.0
29,3,208.36,251.89,94.44,40.00999999999999,1,1,1.0
30,2,244.06,336.1,124.63999999999999,61.89999999999998,1,1,1.0
30,3,208.34,251.91,94.49999999999997,40.04999999999998,1,1,1.0
31,2,222.37,338.3,124.43,64.39999999999998,1,1,1.0
31,3,208.32,251.93,94.55000000000001,40.079999999999984,1,1,1.0
32,2,199.61,345.8,127.78999999999996,61.69999999999999,1,1,1.0
32,3,208.29,251.95,94.60999999999999,40.110000000000014,1,1,1.0
33,2,175.2,349.38,130.2,62.420000000000016,1,1,1.0
33,3,208.27,251.97,94.56999999999996,40.150000000000006,1,1,1.0
34,2,150.8,353.7,136.5,64.40000000000003,1,1,1.0
34,3,208.25,252.0,94.52999999999997,40.170000000000016,1,1,1.0
35,2,126.25,356.39,138.25,68.00999999999999,1,1,1.0
35,3,208.22,252.02,94.51000000000002,40.21000000000001,1,1,1.0
36,2,100.26,361.06,142.61,68.5,1,1,1.0
36,3,208.2,252.04,94.47000000000003,40.23999999999998,1,1,1.0
37,2,72.66,365.74,150.94,68.30000000000001,1,1,1.0
37,3,208.18,252.06,94.43,40.26999999999998,1,1,1.0
38,2,45.78,370.2,152.42,70.10000000000002,1,1,1.0
38,3,208.16,252.08,94.39000000000001,40.309999999999974,1,1,1.0
39,2,14.57,373.94,160.93,72.99000000000001,1,1,1.0
39,3,208.13,252.1,94.36000000000001,40.34,1,1,1.0
40,2,0.05,379.9,150.54999999999998,74.02000000000004,1,1,1.0
40,3,208.11,252.12,94.32,40.370000000000005,1,1,1.0
41,2,0.0,382.6,126.4,78.19999999999999,1,1,1.0
41,3,208.09,252.14,94.28999999999999,40.410000000000025,1,1,1.0
42,2,0.0,386.2,103.7,80.0,1,1,1.0
42,3,208.07,252.16,94.25,40.440000000000026,1,1,1.0
43,2,0.0,391.9,73.2,62.30000000000001,1,1,1.0
43,3,208.04,252.18,94.22,40.46999999999997,1,1,1.0
44,2,0.0,402.3,49.4,58.69999999999999,1,1,1.0
44,3,208.02,252.21,94.17999999999998,40.49999999999997,1,1,1.0
45,2,0.0,416.6,23.6,45.099999999999966,1,1,1.0
45,3,208.0,252.23,94.37,40.53,1,1,1.0
46,3,207.97,252.25,94.55999999999997,40.56999999999999,1,1,1.0
47,3,207.95,252.27,94.75,40.599999999999994,1,1,1.0
48,3,207.93,252.29,94.26999999999998,40.630000000000024,1,1,1.0
49,3,207.91,252.31,93.78999999999999,40.670000000000016,1,1,1.0
50,3,207.91,252.38,93.98999999999998,40.660000000000025,1,1,1.0
51,3,207.91,252.44,94.19000000000003,40.670000000000016,1,1,1.0
52,3,207.91,252.51,94.39000000000001,40.660000000000025,1,1,1.0
52,4,946.2,227.62,13.799999999999955,50.579999999999984,1,1,1.0
53,3,207.91,252.57,94.59,40.670000000000016,1,1,1.0
53,4,942.8,227.62,17.200000000000045,57.98000000000002,1,1,1.0
54,3,207.91,252.64,94.56000000000003,40.660000000000025,1,1,1.0
54,4,937.8,227.62,22.200000000000045,57.98000000000002,1,1,1.0
55,3,207.91,252.7,94.53,40.670000000000016,1,1,1.0
55,4,933.8,227.1,26.200000000000045,59.599999999999994,1,1,1.0
56,3,207.91,252.77,94.50000000000003,40.66,1,1,1.0
56,4,928.0,226.1,32.0,63.400000000000006,1,1,1.0
57,3,207.91,252.83,94.47999999999999,40.66999999999999,1,1,1.0
57,4,923.3,225.1,36.700000000000045,64.4,1,1,1.0
58,3,207.91,252.9,94.45000000000002,40.66,1,1,1.0
58,4,917.4,225.1,42.60000000000002,66.1,1,1,1.0
59,3,207.91,252.96,94.41999999999999,40.66999999999999,1,1,1.0
59,4,912.6,225.1,47.39999999999998,69.6,1,1,1.0
60,3,207.91,253.03,94.39000000000001,40.66,1,1,1.0
60,4,908.0,225.1,52.0,69.50000000000003,1,1,1.0
60,5,912.08,240.18,7.919999999999959,28.79000000000002,1,1,1.0
61,3,207.91,253.09,94.35999999999999,40.66999999999999,1,1,1.0
61,4,902.8,224.87,57.200000000000045,70.19999999999999,1,1,1.0
61,5,906.08,240.66,7.419999999999959,28.789999999999992,1,1,1.0
62,3,207.91,253.16,94.33000000000001,40.66,1,1,1.0
62,4,897.9,225.1,62.10000000000002,71.79999999999998,1,1,1.0
62,5,901.28,240.66,6.220000000000027,28.789999999999992,1,1,1.0
63,3,207.91,253.22,94.29999999999998,40.66999999999999,1,1,1.0
63,4,891.7,228.1,68.29999999999995,71.79999999999998,1,1,1.0
63,5,894.33,241.38,7.169999999999959,28.79000000000002,1,1,1.0
64,3,207.91,253.29,94.28,40.66999999999999,1,1,1.0
64,4,885.9,228.1,74.10000000000002,72.79999999999998,1,1,1.0
64,5,887.45,242.63,7.759999999999991,28.79000000000002,1,1,1.0
65,3,207.91,253.35,94.25000000000003,40.66999999999999,1,1,1.0
65,4,879.8,228.1,80.20000000000005,73.50000000000003,1,1,1.0
65,5,880.57,243.88,8.349999999999909,28.79000000000002,1,1,1.0
66,3,207.91,253.42,94.22,40.66999999999999,1,1,1.0
66,4,874.9,228.1,85.10000000000002,75.1,1,1,1.0
66,5,873.69,245.14,8.93999999999994,28.79000000000002,1,1,1.0
67,3,207.91,253.49,94.19000000000003,40.65999999999997,1,1,1.0
67,4,868.1,228.1,91.89999999999998,75.1,1,1,1.0
67,5,866.81,246.39,9.530000000000086,28.79000000000002,1,1,1.0
68,3,207.91,253.55,94.16,40.670000000000016,1,1,1.0
68,4,861.7,228.1,98.29999999999995,78.79999999999998,1,1,1.0
68,5,859.94,247.64,10.11999999999989,28.79000000000002,1,1,1.0
69,3,207.91,253.62,94.13000000000002,40.65999999999997,1,1,1.0
69,4,857.3,228.1,102.70000000000005,78.79999999999998,1,1,1.0
69,5,853.06,248.9,10.710000000000036,28.789999999999992,1,1,1.0
70,3,207.91,253.68,94.1,40.670000000000016,1,1,1.0
70,4,849.2,228.1,110.79999999999995,81.50000000000003,1,1,1.0
70,5,846.18,250.15,11.300000000000068,28.789999999999992,1,1,1.0
71,3,207.91,253.75,94.08000000000001,40.660000000000025,1,1,1.0
71,4,841.5,228.1,118.5,84.20000000000002,1,1,1.0
71,5,839.3,251.4,11.8900000000001,28.789999999999992,1,1,1.0
72,3,207.91,253.81,94.04999999999998,40.670000000000016,1,1,1.0
72,4,839.6,228.1,120.39999999999998,85.79999999999998,1,1,1.0
72,5,832.42,252.65,12.480000000000018,28.789999999999992,1,1,1.0
73,3,207.91,253.88,94.02000000000001,40.660000000000025,1,1,1.0
73,4,827.2,229.0,132.79999999999995,86.89999999999998,1,1,1.0
73,5,823.43,253.56,14.740000000000009,28.810000000000002,1,1,1.0
74,3,207.91,253.94,93.98999999999998,40.670000000000016,1,1,1.0
74,4,821.3,229.5,138.70000000000005,86.60000000000002,1,1,1.0
74,5,814.43,254.47,17.0,28.830000000000013,1,1,1.0
75,3,207.91,254.01,93.96000000000001,40.660000000000025,1,1,1.0
75,4,813.5,231.3,146.5,86.39999999999998,1,1,1.0
75,5,805.43,255.37,19.270000000000095,28.860000000000014,1,1,1.0
76,3,207.91,254.07,93.92999999999998,40.670000000000016,1,1,1.0
76,4,804.5,232.4,155.5,89.1,1,1,1.0
76,5,796.83,256.28,19.629999999999995,28.880000000000052,1,1,1.0
77,3,207.91,254.14,93.9,40.660000000000025,1,1,1.0
77,4,796.0,232.8,164.0,88.69999999999999,1,1,1.0
77,5,788.22,257.18,20.0,28.909999999999968,1,1,1.0
78,3,207.91,254.2,93.88000000000002,40.670000000000016,1,1,1.0
78,4,788.9,234.9,170.10000000000002,88.6,1,1,1.0
78,5,779.61,258.09,20.370000000000005,28.930000000000007,1,1,1.0
79,3,207.91,254.27,93.85,40.66,1,1,1.0
79,4,789.39,234.4,163.70000000000005,89.1,1,1,1.0
80,3,207.91,254.33,93.82000000000002,40.66999999999999,1,1,1.0
80,4,772.7,236.3,174.5999999999999,93.09999999999997,1,1,1.0
80,5,760.45,259.9,23.049999999999955,28.980000000000018,1,1,1.0
80,6,946.1,235.07,7.899999999999977,35.01999999999998,1,1,1.0
81,3,207.91,254.4,93.78999999999999,40.66,1,1,1.0
81,4,763.3,236.3,178.20000000000005,93.39999999999998,1,1,1.0
81,5,749.68,260.4,24.860000000000014,29.49000000000001,1,1,1.0
81,6,940.2,235.92,10.099999999999909,35.02000000000001,1,1,1.0
82,3,207.91,254.46,93.75000000000003,40.66999999999999,1,1,1.0
82,4,761.3,238.0,176.10000000000002,91.69999999999999,1,1,1.0
82,5,738.9,260.9,26.680000000000064,30.0,1,1,1.0
82,6,933.47,236.78,11.629999999999995,35.01000000000002,1,1,1.0
83,3,207.91,254.53,93.71000000000001,40.66,1,1,1.0
83,4,752.7,238.0,176.0999999999999,95.89999999999998,1,1,1.0
83,5,728.13,261.4,28.480000000000018,30.510000000000048,1,1,1.0
83,6,913.59,237.63,23.699999999999932,35.00999999999999,1,1,1.0
84,3,207.91,254.59,93.66999999999999,40.66999999999999,1,1,1.0
84,4,742.7,238.0,180.89999999999998,95.89999999999998,1,1,1.0
84,5,717.36,261.9,30.289999999999964,31.010000000000048,1,1,1.0
84,6,907.29,240.1,23.690000000000055,33.640000000000015,1,1,1.0
85,3,207.91,254.66,93.63000000000002,40.66,1,1,1.0
85,4,731.7,238.0,185.69999999999993,100.0,1,1,1.0
85,5,706.59,262.4,32.10000000000002,31.52000000000004,1,1,1.0
85,6,900.98,240.85,24.110000000000014,33.97999999999999,1,1,1.0
86,3,207.91,254.72,93.59,40.66999999999999,1,1,1.0
86,4,720.7,241.1,190.19999999999993,96.9,1,1,1.0
86,5,695.81,262.9,33.92000000000007,32.03000000000003,1,1,1.0
86,6,894.67,241.59,24.520000000000095,34.33000000000001,1,1,1.0
87,3,207.91,254.79,93.53999999999999,40.66999999999999,1,1,1.0
87,4,716.6,242.1,189.79999999999995,100.4,1,1,1.0
87,5,685.04,263.4,35.72000000000003,32.54000000000002,1,1,1.0
87,6,888.37,242.34,24.92999999999995,34.66999999999999,1,1,1.0
88,3,207.91,254.86,93.48999999999998,40.65999999999997,1,1,1.0
88,4,705.2,243.4,193.5999999999999,100.79999999999998,1,1,1.0
88,5,674.27,263.9,37.52999999999997,33.04000000000002,1,1,1.0
88,6,882.06,243.08,23.690000000000055,35.02000000000001,1,1,1.0
89,3,207.91,254.92,93.44000000000003,40.66999999999999,1,1,1.0
89,4,694.5,243.4,198.79999999999995,100.79999999999998,1,1,1.0
89,5,663.5,264.4,38.799999999999955,33.55000000000001,1,1,1.0
89,6,875.17,243.73,23.99000000000001,33.630000000000024,1,1,1.0
90,3,207.91,254.99,93.39000000000001,40.65999999999997,1,1,1.0
90,4,686.6,252.69,198.10000000000002,98.41000000000003,1,1,1.0
90,5,652.72,264.9,40.07999999999993,34.06,1,1,1.0
90,6,868.29,244.38,24.290000000000077,32.24000000000001,1,1,1.0
91,3,207.91,255.05,93.34,40.670000000000016,1,1,1.0
91,4,676.5,252.69,203.10000000000002,98.41000000000003,1,1,1.0
91,5,639.91,265.42,45.210000000000036,33.91999999999996,1,1,1.0
92,3,207.91,255.12,93.28999999999999,40.65999999999997,1,1,1.0
92,4,655.2,247.6,217.0999999999999,106.4,1,1,1.0
92,5,627.1,265.94,50.34000000000003,33.79000000000002,1,1,1.0
92,6,854.51,245.67,24.889999999999986,29.47,1,1,1.0
93,3,207.91,255.12,93.19000000000003,40.65999999999997,1,1,1.0
93,4,643.9,247.6,222.10000000000002,106.4,1,1,1.0
93,5,614.29,266.46,55.47000000000003,33.650000000000034,1,1,1.0
93,6,847.62,246.32,23.700000000000045,28.079999999999984,1,1,1.0
94,3,207.91,255.12,93.09,40.65999999999997,1,1,1.0
94,4,632.1,249.5,226.19999999999993,111.39999999999998,1,1,1.0
94,5,601.48,266.98,60.60000000000002,33.51999999999998,1,1,1.0
94,6,832.42,246.92,31.270000000000095,27.409999999999997,1,1,1.0
95,3,207.99,255.12,93.05000000000001,40.65999999999997,1,1,1.0
95,4,621.5,250.9,228.70000000000005,111.99999999999997,1,1,1.0
95,5,588.66,267.5,65.74000000000001,33.379999999999995,1,1,1.0
95,6,817.21,247.51,38.84999999999991,26.74000000000001,1,1,1.0
96,3,208.07,255.12,93.0,40.65999999999997,1,1,1.0
96,4,610.1,252.3,232.79999999999995,114.69999999999999,1,1,1.0
96,5,575.85,268.02,70.87,33.24000000000001,1,1,1.0
96,6,802.01,248.11,46.41999999999996,26.069999999999993,1,1,1.0
97,3,208.15,255.12,92.96000000000001,40.65999999999997,1,1,1.0
97,4,596.7,252.3,237.69999999999993,117.09999999999997,1,1,1.0
97,5,563.04,268.54,76.0,33.10999999999996,1,1,1.0
97,6,786.8,248.7,54.0,25.400000000000034,1,1,1.0
98,3,208.23,255.12,92.91999999999999,40.65999999999997,1,1,1.0
98,4,585.3,254.2,241.0,118.90000000000003,1,1,1.0
98,5,550.23,269.06,81.13,32.96999999999997,1,1,1.0
98,6,775.48,249.38,56.379999999999995,25.399999999999977,1,1,1.0
99,3,208.31,255.12,92.87,40.65999999999997,1,1,1.0
99,4,573.1,254.7,246.29999999999995,120.0,1,1,1.0
99,5,537.42,269.58,86.25999999999999,32.84000000000003,1,1,1.0
99,6,764.16,250.06,58.75999999999999,25.399999999999977,1,1,1.0
100,3,208.39,255.12,92.83000000000004,40.65999999999997,1,1,1.0
100,4,558.5,255.6,250.70000000000005,124.00000000000003,1,1,1.0
100,5,524.61,270.1,91.38999999999999,32.69999999999999,1,1,1.0
100,6,752.84,250.75,61.139999999999986,25.399999999999977,1,1,1.0
101,3,208.47,255.12,92.78,40.65999999999997,1,1,1.0
101,4,545.9,258.9,256.0,123.5,1,1,1.0
101,5,510.94,270.65,93.06,33.25,1,1,1.0
101,6,741.52,251.43,63.51999999999998,25.399999999999977,1,1,1.0
101,7,943.03,226.72,16.970000000000027,33.940000000000026,1,1,1.0
102,3,208.56,255.12,92.73000000000002,40.65999999999997,1,1,1.0
102,4,533.7,260.8,260.0999999999999,125.69999999999999,1,1,1.0
102,5,497.27,271.2,94.73000000000002,33.80000000000001,1,1,1.0
102,6,730.2,252.11,65.89999999999998,25.399999999999977,1,1,1.0
102,7,943.48,227.43,16.519999999999982,33.93000000000001,1,1,1.0
103,3,208.64,255.12,92.69,40.65999999999997,1,1,1.0
103,4,520.3,261.7,263.70000000000005,124.80000000000001,1,1,1.0
103,5,484.08,271.75,91.05000000000001,34.35000000000002,1,1,1.0
103,6,718.33,252.54,67.33999999999992,25.47999999999999,1,1,1.0
103,7,943.92,228.14,16.08000000000004,33.93000000000001,1,1,1.0
104,3,208.72,255.12,92.64000000000001,40.65999999999997,1,1,1.0
104,4,505.7,261.7,271.40000000000003,131.3,1,1,1.0
104,5,470.89,272.3,87.38,34.89999999999998,1,1,1.0
104,6,706.47,252.97,68.76999999999998,25.559999999999974,1,1,1.0
104,7,944.36,228.84,15.639999999999986,33.93999999999997,1,1,1.0
105,3,208.8,255.12,92.59999999999997,40.65999999999997,1,1,1.0
105,4,494.7,264.5,271.40000000000003,129.7,1,1,1.0
105,5,457.7,272.85,83.69999999999999,35.44999999999999,1,1,1.0
105,6,694.6,253.4,70.19999999999993,25.640000000000015,1,1,1.0
105,7,944.8,229.55,15.200000000000045,33.94,1,1,1.0
106,3,208.76,255.12,92.63999999999999,40.65999999999997,1,1,1.0
106,4,476.5,266.9,281.5,133.8,1,1,1.0
106,5,442.6,273.4,93.39999999999998,36.0,1,1,1.0
106,6,682.15,254.03,72.22000000000003,25.53,1,1,1.0
106,7,943.5,229.38,16.5,34.99000000000001,1,1,1.0
107,3,208.71,255.12,92.68999999999997,40.65999999999997,1,1,1.0
107,4,474.8,266.0,274.7,139.39999999999998,1,1,1.0
107,5,428.4,273.95,103.40999999999997,36.55000000000001,1,1,1.0
107,6,669.7,254.67,74.24000000000001,25.400000000000006,1,1,1.0
107,7,942.2,229.2,17.799999999999955,36.06,1,1,1.0
108,3,208.67,255.12,92.72999999999999,40.65999999999997,1,1,1.0
108,4,444.1,269.3,296.0,136.09999999999997,1,1,1.0
108,5,413.93,274.5,104.91000000000003,37.10000000000002,1,1,1.0
108,6,654.8,255.35,78.23000000000002,25.400000000000006,1,1,1.0
108,7,936.13,225.05,23.870000000000005,41.089999999999975,1,1,1.0
109,3,208.62,255.12,92.77999999999997,40.65999999999997,1,1,1.0
109,4,429.0,270.2,300.70000000000005,143.7,1,1,1.0
109,5,399.47,275.05,106.39999999999998,37.64999999999998,1,1,1.0
109,6,639.9,256.03,82.22000000000003,25.400000000000034,1,1,1.0
109,7,930.05,220.9,29.950000000000045,46.12999999999997,1,1,1.0
110,3,208.58,255.12,92.81999999999996,40.65999999999997,1,1,1.0
110,4,410.2,272.3,309.59999999999997,145.39999999999998,1,1,1.0
110,5,385.0,275.6,107.89999999999998,38.19999999999999,1,1,1.0
110,6,625.0,256.71,86.22000000000003,25.400000000000034,1,1,1.0
110,7,923.98,216.75,36.01999999999998,51.160000000000025,1,1,1.0
111,3,208.53,255.12,92.86999999999998,40.65999999999997,1,1,1.0
111,4,394.2,274.0,314.3,147.5,1,1,1.0
111,5,370.9,276.53,107.89000000000004,38.23000000000002,1,1,1.0
111,6,610.1,257.39,90.20999999999992,25.400000000000034,1,1,1.0
111,7,917.9,212.6,42.10000000000002,56.20000000000002,1,1,1.0
112,3,208.49,255.12,92.90999999999997,40.65999999999997,1,1,1.0
112,4,377.7,274.9,321.40000000000003,153.3,1,1,1.0
112,5,356.85,277.46,107.82999999999998,38.26000000000005,1,1,1.0
112,6,595.2,258.08,94.19999999999993,25.400000000000034,1,1,1.0
112,7,913.83,212.6,46.16999999999996,56.78,1,1,1.0
113,3,208.44,255.12,92.95999999999998,40.65999999999997,1,1,1.0
113,4,358.2,277.3,331.09999999999997,153.89999999999998,1,1,1.0
113,5,342.8,278.39,107.76999999999998,38.29000000000002,1,1,1.0
113,6,580.6,258.66,95.61000000000001,26.659999999999968,1,1,1.0
113,7,909.77,212.6,50.23000000000002,57.37000000000003,1,1,1.0
114,3,208.4,255.12,92.99999999999997,40.65999999999997,1,1,1.0
114,4,340.3,277.3,339.2,158.8,1,1,1.0
114,5,328.5,279.32,107.95999999999998,38.31999999999999,1,1,1.0
114,6,566.0,259.24,97.00999999999999,27.930000000000007,1,1,1.0
114,7,905.7,212.6,54.299999999999955,57.95000000000002,1,1,1.0
115,3,208.35,255.12,93.04999999999998,40.65999999999997,1,1,1.0
115,4,321.2,279.7,346.90000000000003,161.3,1,1,1.0
115,5,314.2,280.25,108.15000000000003,38.35000000000002,1,1,1.0
115,6,551.4,259.81,98.42000000000007,29.19999999999999,1,1,1.0
115,7,901.63,212.6,58.370000000000005,58.53,1,1,1.0
116,3,208.31,255.12,93.08999999999997,40.65999999999997,1,1,1.0
116,4,300.4,282.5,355.9,158.5,1,1,1.0
116,5,298.2,281.18,110.04000000000002,38.379999999999995,1,1,1.0
116,6,536.8,260.39,99.83000000000004,30.470000000000027,1,1,1.0
116,7,897.57,212.6,62.42999999999995,59.12000000000003,1,1,1.0
117,3,208.26,255.12,93.13999999999999,40.65999999999997,1,1,1.0
117,4,282.5,282.5,363.20000000000005,171.5,1,1,1.0
117,5,282.4,282.11,111.73000000000002,38.40999999999997,1,1,1.0
117,6,522.2,260.97,101.2299999999999,31.72999999999996,1,1,1.0
117,7,893.5,212.6,66.5,59.70000000000002,1,1,1.0
118,3,208.22,255.12,93.17999999999998,40.65999999999997,1,1,1.0
118,4,262.2,286.6,370.40000000000003,171.5,1,1,1.0
118,5,266.61,283.04,113.40999999999997,38.44,1,1,1.0
118,6,507.71,261.79,103.20999999999998,32.60999999999996,1,1,1.0
118,7,888.85,213.87,67.97000000000003,59.20999999999998,1,1,1.0
119,3,208.17,255.12,93.22999999999999,40.65999999999997,1,1,1.0
119,4,238.97,288.2,381.8299999999999,174.8,1,1,1.0
119,5,250.81,283.97,115.10000000000002,38.46999999999997,1,1,1.0
119,6,493.22,262.61,105.19999999999993,33.49000000000001,1,1,1.0
119,7,884.2,215.14,69.43999999999994,58.72000000000003,1,1,1.0
120,3,208.13,255.12,93.26999999999998,40.65999999999997,1,1,1.0
120,4,217.41,290.6,393.99,178.89999999999998,1,1,1.0
120,5,235.02,284.9,116.78,38.5,1,1,1.0
120,6,478.73,263.43,107.17999999999995,34.370000000000005,1,1,1.0
120,7,878.3,216.42,72.16000000000008,58.22,1,1,1.0
121,3,208.08,255.12,93.31999999999996,40.65999999999997,1,1,1.0
121,4,195.4,290.6,400.5,185.0,1,1,1.0
121,5,218.48,286.15,117.39000000000001,39.120000000000005,1,1,1.0
121,6,464.24,264.25,109.15999999999997,35.25,1,1,1.0
121,7,872.4,217.69,74.88,57.73000000000002,1,1,1.0
122,3,208.04,255.12,93.35999999999999,40.65999999999997,1,1,1.0
122,4,171.8,294.3,413.49999999999994,185.39999999999998,1,1,1.0
122,5,201.93,287.4,118.0,39.74000000000001,1,1,1.0
122,6,449.75,265.06,110.25,36.139999999999986,1,1,1.0
122,7,868.9,218.96,75.20000000000005,57.23999999999998,1,1,1.0
123,3,207.99,255.12,93.40999999999997,40.65999999999997,1,1,1.0
123,4,146.6,298.0,423.19999999999993,190.2,1,1,1.0
123,5,185.39,288.65,118.61000000000001,40.360000000000014,1,1,1.0
123,6,435.36,265.75,108.74000000000001,37.52999999999997,1,1,1.0
123,7,861.65,219.07,77.68000000000006,58.579999999999984,1,1,1.0
124,3,207.95,255.12,93.44999999999999,40.65999999999997,1,1,1.0
124,4,119.8,300.8,438.2,196.3,1,1,1.0
124,5,168.84,289.9,119.22999999999999,40.99000000000001,1,1,1.0
124,6,420.97,266.44,108.63,38.920000000000016,1,1,1.0
124,7,854.4,219.17,80.14999999999998,59.930000000000035,1,1,1.0
125,3,207.91,255.12,93.48999999999998,40.65999999999997,1,1,1.0
125,4,93.9,301.3,450.4,200.5,1,1,1.0
125,5,152.3,291.15,119.82999999999998,41.610000000000014,1,1,1.0
125,6,406.58,267.13,110.25000000000006,40.31,1,1,1.0
125,7,849.5,219.27,80.27999999999997,61.28,1,1,1.0
126,3,207.91,255.12,93.48999999999998,40.65999999999997,1,1,1.0
126,4,62.8,304.6,467.40000000000003,207.0,1,1,1.0
126,5,130.22,292.4,125.97999999999999,42.23000000000002,1,1,1.0
126,6,392.19,267.81,111.88,41.70999999999998,1,1,1.0
126,7,844.6,219.38,80.39999999999998,62.620000000000005,1,1,1.0
127,3,207.91,255.12,93.48999999999998,40.65999999999997,1,1,1.0
127,4,36.9,307.0,479.20000000000005,212.10000000000002,1,1,1.0
127,5,117.1,293.65,122.58000000000001,42.85000000000002,1,1,1.0
127,6,377.8,268.5,113.5,43.10000000000002,1,1,1.0
127,7,839.1,218.6,82.0,63.96000000000001,1,1,1.0
128,3,207.91,255.12,93.48999999999998,40.65999999999997,1,1,1.0
128,4,8.7,308.9,495.6,216.20000000000005,1,1,1.0
128,5,98.19,294.9,124.96000000000001,43.47000000000003,1,1,1.0
128,6,362.39,269.32,115.13,44.420000000000016,1,1,1.0
128,7,832.72,219.13,82.95999999999992,63.56,1,1,1.0
129,3,207.91,255.12,93.48999999999998,40.65999999999997,1,1,1.0
129,4,0.5,312.2,487.5,224.3,1,1,1.0
129,5,79.27,296.15,127.36,44.09000000000003,1,1,1.0
129,6,346.98,270.14,116.75999999999999,45.74000000000001,1,1,1.0
129,7,826.34,219.67,83.92999999999995,63.140000000000015,1,1,1.0
130,3,207.91,255.12,93.48999999999998,40.65999999999997,1,1,1.0
130,4,0.5,314.4,472.2,225.60000000000002,1,1,1.0
130,5,60.36,297.4,129.74,44.710000000000036,1,1,1.0
130,6,331.57,270.96,118.38999999999999,47.06,1,1,1.0
130,7,819.96,220.2,84.88999999999999,62.73000000000002,1,1,1.0
131,3,207.91,255.12,93.48999999999998,40.65999999999997,1,1,1.0
131,4,0.5,318.8,454.7,221.2,1,1,1.0
131,5,41.6,299.27,130.4,45.0,1,1,1.0
131,6,316.16,271.78,120.01999999999998,48.38000000000005,1,1,1.0
131,7,813.58,220.73,85.84999999999991,62.32000000000002,1,1,1.0
132,3,207.91,255.12,93.48999999999998,40.65999999999997,1,1,1.0
132,4,0.5,321.0,437.3,219.0,1,1,1.0
132,5,22.85,301.14,131.05,45.29000000000002,1,1,1.0
132,6,300.75,272.6,121.64999999999998,49.69999999999999,1,1,1.0
132,7,807.2,221.27,86.81999999999994,61.91,1,1,1.0
133,3,207.91,255.12,93.48999999999998,40.65999999999997,1,1,1.0
133,4,0.5,323.2,422.6,216.8,1,1,1.0
133,5,4.1,303.01,131.70000000000002,45.579999999999984,1,1,1.0
133,6,284.69,273.66,122.49000000000001,49.5,1,1,1.0
133,7,799.9,221.8,88.70000000000005,61.5,1,1,1.0
134,3,207.91,255.12,93.48999999999998,40.65999999999997,1,1,1.0
134,4,0.5,325.9,405.2,214.10000000000002,1,1,1.0
134,8,685.12,527.1,87.41999999999996,12.899999999999977,1,1,1.0
134,5,0.0,304.88,117.7,45.860000000000014,1,1,1.0
134,6,268.63,274.72,123.32999999999998,49.299999999999955,1,1,1.0
134,7,792.9,222.51,89.57000000000005,61.5,1,1,1.0
135,3,207.91,255.12,93.48999999999998,40.65999999999997,1,1,1.0
135,4,0.5,329.2,387.8,210.8,1,1,1.0
135,8,689.0,522.5,104.39999999999998,17.5,1,1,1.0
135,5,0.0,306.76,99.6,46.139999999999986,1,1,1.0
135,6,252.58,275.78,124.16,49.10000000000002,1,1,1.0
135,7,785.9,223.21,90.43000000000006,61.49999999999997,1,1,1.0
136,3,207.91,255.12,93.48999999999998,40.65999999999997,1,1,1.0
136,4,0.5,331.9,369.8,208.10000000000002,1,1,1.0
136,8,696.1,516.2,116.0,23.799999999999955,1,1,1.0
136,5,0.0,308.64,81.12,44.09000000000003,1,1,1.0
136,6,236.52,276.84,124.99999999999997,48.900000000000034,1,1,1.0
136,7,778.88,223.92,91.32000000000005,61.50000000000003,1,1,1.0
137,3,207.91,255.12,93.48999999999998,40.65999999999997,1,1,1.0
137,4,0.5,337.9,350.7,202.10000000000002,1,1,1.0
137,8,707.4,508.4,125.89999999999998,31.600000000000023,1,1,1.0
137,5,0.0,310.52,62.64,42.05000000000001,1,1,1.0
137,6,220.46,277.9,125.84,48.700000000000045,1,1,1.0
137,7,771.85,224.63,92.22000000000003,61.5,1,1,1.0
138,3,207.91,255.12,93.48999999999998,40.65999999999997,1,1,1.0
138,4,0.5,340.1,332.2,199.89999999999998,1,1,1.0
138,8,707.4,502.7,134.39999999999998,37.30000000000001,1,1,1.0
138,5,0.0,312.4,44.16,40.0,1,1,1.0
138,6,203.55,279.22,127.75,49.25999999999999,1,1,1.0
138,7,764.83,225.33,93.09999999999991,61.50999999999996,1,1,1.0
139,3,207.91,255.12,93.48999999999998,40.65999999999997,1,1,1.0
139,4,0.5,344.5,310.4,195.5,1,1,1.0
139,8,718.4,497.0,134.39999999999998,43.0,1,1,1.0
139,5,0.0,317.5,25.68,37.39999999999998,1,1,1.0
139,6,186.64,280.54,129.66000000000003,49.81999999999999,1,1,1.0
139,7,757.8,226.04,94.0,61.50000000000003,1,1,1.0
140,3,207.91,255.12,93.48999999999998,40.65999999999997,1,1,1.0
140,4,0.5,346.1,288.6,193.89999999999998,1,1,1.0
140,8,722.3,490.8,139.70000000000005,49.19999999999999,1,1,1.0
140,5,0.0,322.6,7.2,25.299999999999955,1,1,1.0
140,6,169.73,281.86,131.57000000000002,50.379999999999995,1,1,1.0
140,7,749.94,226.35,95.5,62.25000000000003,1,1,1.0
141,3,207.91,255.12,93.48999999999998,40.65999999999997,1,1,1.0
141,4,0.5,350.5,267.4,189.5,1,1,1.0
141,8,734.5,487.4,135.89999999999998,52.60000000000002,1,1,1.0
141,6,152.82,283.18,133.48000000000002,50.94,1,1,1.0
141,7,742.08,226.66,97.00999999999999,63.00000000000003,1,1,1.0
142,3,207.91,255.12,93.48999999999998,40.65999999999997,1,1,1.0
142,4,0.5,355.4,245.6,184.60000000000002,1,1,1.0
142,8,745.5,480.6,132.89999999999998,59.39999999999998,1,1,1.0
142,6,135.91,284.5,135.39000000000001,51.5,1,1,1.0
142,7,734.22,226.97,98.50999999999999,63.75000000000003,1,1,1.0
143,3,207.91,255.12,93.48999999999998,40.65999999999997,1,1,1.0
143,4,0.5,358.7,221.6,181.3,1,1,1.0
143,8,755.2,476.0,131.19999999999993,64.0,1,1,1.0
143,6,117.91,285.02,136.65,52.81999999999999,1,1,1.0
143,7,726.36,227.28,100.00999999999999,64.49999999999997,1,1,1.0
144,3,207.91,255.12,93.48999999999998,40.65999999999997,1,1,1.0
144,4,0.5,363.1,201.4,176.89999999999998,1,1,1.0
144,8,766.5,472.22,128.10000000000002,67.77999999999997,1,1,1.0
144,6,99.91,285.54,137.91,54.139999999999986,1,1,1.0
144,7,718.5,227.58,101.50999999999999,65.25999999999996,1,1,1.0
145,3,207.91,255.12,93.48999999999998,40.65999999999997,1,1,1.0
145,4,0.5,365.3,178.0,174.7,1,1,1.0
145,8,776.9,465.9,125.0,74.10000000000002,1,1,1.0
145,6,81.91,286.06,139.17000000000002,55.45999999999998,1,1,1.0
145,7,707.91,227.89,105.75,66.02000000000004,1,1,1.0
146,3,207.91,255.12,93.48999999999998,40.65999999999997,1,1,1.0
146,4,0.5,372.9,152.4,167.10000000000002,1,1,1.0
146,8,785.4,461.1,124.10000000000002,78.89999999999998,1,1,1.0
146,6,63.91,286.58,140.43,56.78000000000003,1,1,1.0
146,7,697.32,228.2,109.9799999999999,66.77000000000004,1,1,1.0
147,3,207.91,255.12,93.48999999999998,40.65999999999997,1,1,1.0
147,4,0.5,375.1,128.4,164.89999999999998,1,1,1.0
147,8,793.9,456.1,121.89999999999998,83.89999999999998,1,1,1.0
147,6,45.91,287.1,141.69,58.10999999999996,1,1,1.0
147,7,690.76,228.43,108.51999999999998,66.94,1,1,1.0
148,3,207.91,255.12,93.48999999999998,40.65999999999997,1,1,1.0
148,4,0.5,383.6,101.0,156.39999999999998,1,1,1.0
148,8,804.3,452.3,118.40000000000009,85.49999999999994,1,1,1.0
148,6,27.2,288.6,143.38000000000002,58.47999999999996,1,1,1.0
148,7,684.2,228.67,107.06999999999994,67.10999999999999,1,1,1.0
149,3,207.91,255.12,93.48999999999998,40.65999999999997,1,1,1.0
149,4,0.5,389.4,78.8,150.60000000000002,1,1,1.0
149,8,814.1,448.2,115.19999999999993,83.90000000000003,1,1,1.0
149,6,8.5,290.1,145.06,58.85999999999996,1,1,1.0
149,7,675.45,228.9,107.79999999999995,67.28,1,1,1.0
150,3,207.91,255.12,93.48999999999998,40.65999999999997,1,1,1.0
150,4,0.5,396.7,49.0,143.3,1,1,1.0
150,8,822.7,442.07,114.09999999999991,83.90000000000003,1,1,1.0
150,6,0.0,291.6,136.54,59.23999999999995,1,1,1.0
150,7,666.7,229.13,108.52999999999997,67.45999999999998,1,1,1.0
151,3,207.91,255.12,93.48999999999998,40.65999999999997,1,1,1.0
151,4,0.5,410.7,16.5,129.3,1,1,1.0
151,8,829.8,440.0,113.5,81.5,1,1,1.0
151,6,0.03,293.1,119.49,59.620000000000005,1,1,1.0
151,7,657.95,229.37,109.26999999999998,67.62,1,1,1.0
152,3,207.91,255.12,93.48999999999998,40.65999999999997,1,1,1.0
152,8,838.8,435.7,110.0,79.69,1,1,1.0
152,6,0.05,294.6,102.45,60.0,1,1,1.0
152,7,649.2,229.6,110.0,67.79999999999998,1,1,1.0
153,3,207.91,255.12,93.48999999999998,40.65999999999997,1,1,1.0
153,8,847.6,431.6,106.5,78.5,1,1,1.0
153,6,0.05,296.1,83.93,57.06,1,1,1.0
153,7,639.43,230.02,110.99000000000001,68.20000000000002,1,1,1.0
154,3,207.91,255.12,93.48999999999998,40.65999999999997,1,1,1.0
154,8,853.7,426.7,106.29999999999995,78.30000000000001,1,1,1.0
154,6,0.05,297.6,65.41,54.120000000000005,1,1,1.0
154,7,629.66,230.43,111.97000000000003,68.59999999999997,1,1,1.0
155,3,207.91,255.12,93.48999999999998,40.65999999999997,1,1,1.0
155,8,861.4,423.6,98.60000000000002,75.5,1,1,1.0
155,6,0.05,300.63,46.89,53.870000000000005,1,1,1.0
155,7,619.89,230.85,112.96000000000004,69.00000000000003,1,1,1.0
156,3,207.91,255.12,93.48999999999998,40.65999999999997,1,1,1.0
156,8,869.0,417.9,91.0,76.5,1,1,1.0
156,6,0.05,303.67,28.37,52.52999999999997,1,1,1.0
156,7,610.12,231.27,113.95000000000005,69.4,1,1,1.0
157,3,207.91,255.12,93.48999999999998,40.65999999999997,1,1,1.0
157,8,875.9,416.3,84.10000000000002,74.19999999999999,1,1,1.0
157,6,0.05,306.7,9.85,40.69999999999999,1,1,1.0
157,7,600.35,231.68,114.92999999999995,69.80000000000001,1,1,1.0
158,3,207.91,255.12,93.48999999999998,40.65999999999997,1,1,1.0
158,8,881.4,412.3,78.60000000000002,73.89999999999998,1,1,1.0
158,7,590.58,232.1,115.91999999999996,70.20000000000002,1,1,1.0
159,3,207.91,255.12,93.48999999999998,40.65999999999997,1,1,1.0
159,8,887.9,408.8,72.10000000000002,67.5,1,1,1.0
159,7,580.77,232.35,116.81000000000006,70.83000000000001,1,1,1.0
160,3,207.91,255.12,93.48999999999998,40.65999999999997,1,1,1.0
160,8,894.9,405.46,65.10000000000002,66.24000000000001,1,1,1.0
160,7,570.96,232.6,117.68999999999994,71.47,1,1,1.0
161,3,207.91,255.12,93.48999999999998,40.65999999999997,1,1,1.0
161,8,901.4,402.0,58.450000000000045,64.19999999999999,1,1,1.0
161,7,561.15,232.85,118.58000000000004,72.1,1,1,1.0
162,3,207.91,255.12,93.48999999999998,40.65999999999997,1,1,1.0
162,8,907.5,399.26,52.5,63.639999999999986,1,1,1.0
162,7,551.34,233.1,119.45999999999992,72.72999999999999,1,1,1.0
163,3,207.91,255.12,93.48999999999998,40.65999999999997,1,1,1.0
163,8,913.5,396.1,46.5,62.579999999999984,1,1,1.0
163,7,538.5,233.74,122.67999999999995,72.01999999999998,1,1,1.0
164,3,207.91,255.12,93.48999999999998,40.65999999999997,1,1,1.0
164,8,918.8,393.7,41.200000000000045,60.69999999999999,1,1,1.0
164,7,527.7,234.38,123.8599999999999,71.31,1,1,1.0
165,3,207.91,255.12,93.48999999999998,40.65999999999997,1,1,1.0
165,8,922.3,390.5,37.700000000000045,61.80000000000001,1,1,1.0
165,7,515.9,235.02,126.04000000000008,70.6,1,1,1.0
166,3,207.91,255.12,93.48999999999998,40.65999999999997,1,1,1.0
166,8,929.7,387.9,30.299999999999955,58.30000000000001,1,1,1.0
166,7,505.3,235.66,127.02000000000004,71.34,1,1,1.0
167,3,207.91,255.12,93.48999999999998,40.65999999999997,1,1,1.0
167,8,934.6,385.5,25.399999999999977,58.10000000000002,1,1,1.0
167,7,494.4,236.3,128.30000000000007,69.5,1,1,1.0
168,3,207.91,255.12,93.48999999999998,40.65999999999997,1,1,1.0
168,8,940.8,384.1,19.200000000000045,57.06999999999999,1,1,1.0
168,7,482.59,237.0,128.86000000000007,70.5,1,1,1.0
169,3,207.91,255.12,93.48999999999998,40.65999999999997,1,1,1.0
169,8,945.1,390.1,14.75,45.0,1,1,1.0
169,7,470.79,237.7,129.42000000000002,71.5,1,1,1.0
170,3,207.91,255.12,93.48999999999998,40.65999999999997,1,1,1.0
170,8,949.7,391.8,10.299999999999955,40.0,1,1,1.0
170,7,458.98,238.4,129.98000000000002,72.49999999999997,1,1,1.0
171,3,207.91,255.12,93.48999999999998,40.65999999999997,1,1,1.0
171,8,955.3,391.8,4.7000000000000455,36.5,1,1,1.0
171,7,447.18,239.1,130.54000000000002,73.50000000000003,1,1,1.0
172,3,207.91,255.12,93.48999999999998,40.65999999999997,1,1,1.0
172,7,435.37,239.8,131.10000000000002,74.5,1,1,1.0
173,3,207.91,255.12,93.48999999999998,40.65999999999997,1,1,1.0
173,7,427.3,239.1,130.54000000000002,75.9,1,1,1.0
174,3,207.91,255.12,93.48999999999998,40.65999999999997,1,1,1.0
174,7,414.5,238.4,134.70000000000005,74.79999999999998,1,1,1.0
175,3,207.91,255.12,93.48999999999998,40.65999999999997,1,1,1.0
175,7,400.0,238.4,149.20000000000005,74.79999999999998,1,1,1.0
176,3,207.91,255.12,93.48999999999998,40.65999999999997,1,1,1.0
176,7,388.69,238.76,147.36999999999995,75.13999999999999,1,1,1.0
177,3,207.91,255.12,93.48999999999998,40.65999999999997,1,1,1.0
177,7,377.38,239.12,145.53999999999996,75.48000000000002,1,1,1.0
178,3,207.91,255.12,93.48999999999998,40.65999999999997,1,1,1.0
178,7,366.07,239.48,143.70999999999998,75.82000000000002,1,1,1.0
179,3,207.91,255.12,93.48999999999998,40.65999999999997,1,1,1.0
179,7,354.76,239.84,141.88,76.16,1,1,1.0
180,3,207.91,255.12,93.48999999999998,40.65999999999997,1,1,1.0
180,7,343.45,240.2,140.05,76.5,1,1,1.0
181,3,207.91,255.12,93.48999999999998,40.65999999999997,1,1,1.0
181,7,332.35,240.98,140.32999999999998,76.50000000000003,1,1,1.0
182,3,207.91,255.12,93.48999999999998,40.65999999999997,1,1,1.0
182,7,321.25,241.76,140.61,76.5,1,1,1.0
183,3,207.91,255.12,93.48999999999998,40.65999999999997,1,1,1.0
183,7,310.15,242.53,140.89000000000004,76.49999999999997,1,1,1.0
184,3,207.91,255.12,93.48999999999998,40.65999999999997,1,1,1.0
184,7,299.05,243.31,141.17000000000002,76.5,1,1,1.0
185,3,207.91,255.12,93.48999999999998,40.65999999999997,1,1,1.0
185,7,287.95,244.09,141.45,76.49999999999997,1,1,1.0
186,3,207.91,255.12,93.48999999999998,40.65999999999997,1,1,1.0
186,7,276.36,244.29,142.01999999999998,77.71000000000001,1,1,1.0
187,3,207.91,255.12,93.48999999999998,40.65999999999997,1,1,1.0
187,7,264.76,244.49,142.60000000000002,78.93,1,1,1.0
188,3,207.91,255.12,93.48999999999998,40.65999999999997,1,1,1.0
188,7,253.17,244.7,143.17,80.13,1,1,1.0
189,3,207.91,255.12,93.48999999999998,40.65999999999997,1,1,1.0
189,7,241.58,244.9,143.73999999999998,81.34,1,1,1.0
190,3,207.91,255.12,93.48999999999998,40.65999999999997,1,1,1.0
190,7,229.98,245.1,144.32000000000002,82.56000000000003,1,1,1.0
